 Orden de la matriz:           4

 Vector v:  -1.0000000000000000       -2.0000000000000000        6.0000000000000000        3.0000000000000000     
 Superdiagonal:  -3.0000000000000000       -1.0000000000000000       -3.0000000000000000     
 Diagonal:  0.50000000000000000       0.50000000000000000       0.50000000000000000       0.50000000000000000     
 Subdiagonal:   3.0000000000000000        1.0000000000000000        3.0000000000000000     

 Resultado:   5.5000000000000000       -10.000000000000000       -8.0000000000000000        19.500000000000000     
