
 Matriz identidad:
   1.0000000000000000        0.0000000000000000        0.0000000000000000     
   0.0000000000000000        1.0000000000000000        0.0000000000000000     
   0.0000000000000000        0.0000000000000000        1.0000000000000000     

 Matriz A:
   5.0000000000000000       -3.0000000000000000        2.0000000000000000     
   4.0000000000000000        6.0000000000000000       -5.0000000000000000     
   8.0000000000000000        1.0000000000000000       -1.0000000000000000     

 Determinante de A:   15.000000000000021     

 Matriz inversa:
  -6.6666666666666069E-002  -6.6666666666666430E-002  0.19999999999999965     
  -2.3999999999999959       -1.3999999999999979        2.1999999999999966     
  -2.9333333333333287       -1.9333333333333309        2.7999999999999958     

 Resultado de A por su inversa:
   1.0000000000000000        0.0000000000000000        0.0000000000000000     
   3.5527136788005009E-015   1.0000000000000000        0.0000000000000000     
   3.9968028886505635E-015   1.5543122344752192E-015  0.99999999999999778     
